700
630
794
779
780
42
912
560
136
803
368
323
554
644
60
400
188
4
303
370
985
102
480
397
599
677
614
372
634
531
195
293
903
691
877
72
248
940
701
730
901
87
712
11
481
141
774
924
947
169
906
931
632
483
598
416
521
883
767
913
519
328
412
819
154
70
185
680
685
788
814
242
953
34
619
311
348
191
980
570
92
414
212
69
562
73
939
839
183
457
740
672
932
758
652
327
234
620
705
331
841
247
586
266
255
295
447
51
926
104
57
233
76
698
894
778
96
770
425
453
223
559
65
965
462
996
409
631
29
27
543
378
709
406
68
184
892
643
430
973
200
628
728
686
838
342
880
230
668
330
791
334
164
561
110
860
41
298
438
810
696
956
648
738
134
944
555
39
286
3
649
573
507
264
813
633
8
665
420
100
832
725
759
346
310
804
688
651
33
62
287
845
551
971
536
138
402
156
625
12
367
937
492
283
347
826
505
718
112
635
846
464
910
81
160
486
385
736
842
623
153
879
121
642
943
655
911
949
639
146
868
166
472
116
497
317
514
382
606
972
130
855
513
473
675
394
268
284
922
428
133
20
540
711
25
308
798
220
834
167
733
526
874
186
190
530
990
564
726
503
591
960
174
482
674
653
761
734
58
811
333
369
729
224
547
797
450
325
743
45
5
938
792
18
441
237
125
373
789
52
706
955
848
129
216
282
17
432
91
131
270
818
909
207
500
240
902
375
422
816
618
563
383
366
316
833
805
662
24
143
757
750
568
350
762
708
638
522
120
693
56
139
831
469
935
302
217
876
534
959
226
569
800
452
656
694
219
535
992
124
294
322
232
35
84
484
158
553
83
460
172
278
753
867
550
349
99
306
59
377
872
478
208
929
165
159
332
760
361
589
238
581
948
781
144
97
199
265
401
351
47
344
392
271
127
228
998
37
809
285
222
63
474
659
360
210
896
335
891
605
495
862
524
657
13
612
379
215
857
764
870
119
2
885
609
647
381
878
490
749
142
692
600
239
756
345
964
312
766
520
621
343
291
941
936
309
476
607
966
763
673
510
790
252
324
596
53
64
277
720
315
721
263
610
157
927
796
442
249
785
667
80
32
470
431
858
103
654
109
765
724
585
886
844
10
499
218
48
359
7
108
776
95
251
393
21
30
590
875
580
565
280
281
717
55
114
893
391
710
475
26
714
177
742
801
6
371
527
732
615
808
602
678
404
261
676
613
1000
904
209
419
273
566
213
989
288
695
660
354
829
604
398
799
772
173
887
622
260
915
229
488
884
690
999
145
227
824
908
629
807
869
46
1
991
739
448
969
246
389
168
318
538
258
326
946
449
257
930
93
682
148
523
512
593
94
170
365
793
529
107
259
152
795
479
137
443
942
22
578
301
664
440
539
276
28
147
641
122
532
363
16
504
465
253
518
54
920
515
77
446
206
658
975
429
516
85
307
978
945
637
355
961
151
434
477
426
572
616
506
852
445
487
501
423
782
737
921
82
163
417
636
40
775
993
19
889
175
250
835
410
574
289
567
571
979
755
783
914
731
863
135
594
584
179
583
86
871
806
244
502
203
984
828
304
454
556
437
193
963
603
687
812
840
837
917
9
254
364
849
201
105
494
517
509
836
747
898
31
161
951
541
314
771
977
748
952
451
339
439
579
994
192
703
467
111
557
243
859
236
15
988
719
415
485
14
689
646
716
873
967
707
274
617
189
358
221
262
356
934
777
471
61
89
773
549
865
905
882
275
272
751
78
679
897
155
587
231
715
847
202
338
592
180
822
117
663
435
196
176
296
888
851
881
626
493
386
918
329
982
463
741
49
396
670
856
866
986
399
681
299
411
577
981
650
713
582
374
90
746
752
744
300
864
533
387
71
525
907
661
292
413
44
390
178
548
384
890
815
66
601
987
916
671
624
669
768
821
820
126
297
611
468
923
128
666
421
597
67
928
79
854
684
558
697
341
197
194
552
214
704
970
321
508
933
408
98
727
433
595
817
496
267
723
118
588
23
245
395
542
722
853
843
336
962
405
957
958
545
787
352
279
418
683
699
88
850
362
290
976
150
769
75
269
235
123
101
340
162
115
106
925
489
149
546
461
313
997
537
256
140
456
113
786
353
198
319
827
388
754
407
444
241
320
745
171
919
575
305
802
735
43
784
357
337
204
403
576
823
511
205
645
459
436
895
830
528
498
825
983
491
38
950
376
182
627
458
702
995
455
899
36
211
181
50
427
187
900
466
954
640
132
380
974
424
861
225
74
544
968
608